-49.26450903495064,-16.67980754115945
-49.26450870544768,-16.67981616316385
-49.26450372860066,-16.67983756240225
-49.26450464844849,-16.67984853874334
-49.26449176616309,-16.67986341137138
-49.2644943570991,-16.67987897512673
-49.26449101337393,-16.67989373421981
-49.26448424110916,-16.67990687156144
-49.26447490792812,-16.67992084011054
-49.26445706703272,-16.67994303977619
-49.26445198774891,-16.67995289277635
-49.26445116245343,-16.6799586301892
-49.26443840074952,-16.6799709768768
-49.26442819985066,-16.679982492346
-49.2644265067114,-16.6799857766796
-49.26440480071786,-16.67999585982537
-49.26437912946741,-16.68000419270049
-49.26436886086792,-16.68000752581597
-49.26435602529212,-16.6800116922517
-49.26434062250942,-16.68001669200723
-49.2643175183695,-16.68002419155418
-49.26427594944522,-16.67999111718683
-49.26426421855467,-16.67999321461263
-49.2642503513169,-16.67999430276211
-49.26424181972171,-16.67999536558782
-49.26423434455315,-16.67999437885719
-49.26422310109584,-16.67999274403219
-49.26420860641132,-16.68002545574438
-49.26419549316034,-16.68002137982382
-49.26419320504201,-16.67998384090828
-49.26416832746175,-16.68001073904856
-49.26415688523668,-16.6800033138049
-49.26414099863962,-16.67999172844833
-49.26412952230827,-16.67998426692308
-49.2641128282229,-16.67997847844701
-49.26409082134499,-16.67996599987508
-49.26410470847601,-16.67995434446161
-49.26410798700626,-16.6799429027098
-49.26410327302202,-16.67993622338165
-49.2640899398906,-16.67992861973085
-49.26407783482141,-16.67992115025084
-49.26407253395625,-16.67991467683783
-49.26406876809188,-16.67990409836535
-49.26406250405621,-16.67989745790103
-49.26405872508629,-16.67989326429489
-49.26405589939839,-16.67988561618009
-49.26405383303023,-16.67987448794166
-49.2640510661235,-16.67986428102835
-49.2640479875714,-16.67985272579033
-49.26404839741475,-16.67984405196821
-49.26404990750857,-16.67983336402663
-49.2640524545138,-16.67982568815254
-49.26405475158323,-16.6798222792619
-49.26405738978146,-16.67981372449816
-49.26405903283422,-16.67980832137336
-49.263956895464,-16.67970362688528
-49.26396299780819,-16.6796876752119
-49.26396909695981,-16.6796717281063
-49.26397492371355,-16.67964855074081
-49.26397597882535,-16.67962614499495
-49.2639784816248,-16.67961543982876
-49.26398162331334,-16.67960110999079
-49.26399823805822,-16.67958993528557
-49.26401233571433,-16.67958817914488
-49.26402996878031,-16.67958809540874
-49.26405816402561,-16.67958458306948
-49.26407662854269,-16.67957853139672
-49.26409954573865,-16.67957673228047
-49.26410482451657,-16.67957500715176
-49.26413035979025,-16.67957224466356
-49.26414090800061,-16.67956871553133
-49.26416384686702,-16.67956697546806
-49.26417713530961,-16.67957149778022
-49.26418900475984,-16.67957719814456
-49.26421067110531,-16.6795854369505
-49.26422612628362,-16.67958751838204
-49.26423925803584,-16.67958852072394
-49.26425051216957,-16.67959767865107
-49.26427174127113,-16.67960848154402
-49.26428075328135,-16.67961171578598
-49.26429589398251,-16.67961689209162
-49.26431675221517,-16.67962472604999
-49.2643322156612,-16.67963562230196
-49.26434616059111,-16.6796413136812
-49.26436220015619,-16.67963455111059
-49.26438083068354,-16.67964547687564
-49.26439501701925,-16.67965218754296
-49.26441010112583,-16.67966143568338
-49.2644207407845,-16.67966646859425
-49.26442962917987,-16.67967489890465
-49.26443941531549,-16.67968586672843
-49.26445367565728,-16.6797010206046
-49.26446972468632,-16.67971275142261
-49.26447239579666,-16.67972038558196
-49.26448041174302,-16.67973477071442
-49.26449018476426,-16.6797542534182
-49.26449467289665,-16.67976694096477
-49.26449826346442,-16.67977709099775
-49.26449916105158,-16.67977962851124
-49.26450194176408,-16.67980418581625
-49.26450903495064,-16.67980754115945
